320 -1380
524,5 -1287
536 -1206
372,5 -1280
/
2124,56 -482,79
-408,94 -1636,82
-382,04 -1694,62
2157,22 -545,73
/
999,89 417,26
1075,21 450,29
1110,25 540
1025,79 500,33
/
505,25 -1028,53
559,43 -1046,05
1420,19 1423,28
1350,87 1442,79
/
-1003,71 -419,61
-979,19 -475,79
2132,32 933,72
2105,66 990,27
/
-817,18 -765,68
-552,81 -1352,69
-0,07 -1105,22
11,31 -1090,08
8 -1066,81
-236,16 -525,97
-258,3 -514,83
-279,82 -520,21
/
-67,01 -911,17
408,41 -693,36
453,83 -561,87
456,83 -550,73
457,21 -534,35
412,17 -438,51
399,65 -427,37
376,13 -430,75
-170,23 -680,00
/
51,35 -949,59
111,52 -1083,7
303,0 -995,63
353,99 -853,75
352,99 -836,23
333,47 -825,47
319,34 -827,47
/
354,99 -347,67
371,13 -335,91
370,51 -319,77
323,09 -218,94
309,58 -212,56
285,68 -216,56
-155,71 -416,61
-167,85 -430,75
-167,85 -452,27
-126,19 -545,35
-115,43 -555,73
-96,91 -555,73
/
-731,34 261,24
-777,14 354,7
-1693,32 -61,55
-1650,29 -148,62
/
-1650,29 -148,62
-1577,73 -303,26
-621,75 131,89
-613,75 145,89
-639,89 209,68
-731,34 261,24
/
502,25 700,76
398,03 933,72
-683,3 438,77
-702,44 418,5
-661,79 336,56
-575,71 282,76
-440,35 272
/
502,25 700,76
545,91 721
424,55 981,37
380,51 961,61
/
424,55 981,37
545,91 721
575,94 684,25
591,7 680,25
877,21 811
728,2 1126,39
/
728,2 1126,39
790,52 987,6
830,79 1005,51
754,86 1140,91
/
754,86 1140,91
830,79 1005,51
978,53 1070,17
1040,23 1236,36
987,43 1348,96
742,34 1234,98
727,2 1202,32
/
-1074,65 -823,47
-947,91 -901,55
-787,9 -828,85
-830,7 -713,64
/
-830,7 -713,64
-787,9 -828,85
-559,19 -1338,31
-535,43 -1355,07
-379 -1414,73
79,38 -1205
-257,3 -454,27
/
-379 -1414,73
-482,25 -1372,21
-437,83 -1440,77
/
79,38 -1205
266 -1120
310,96 -1035,29
452,59 -620,62
472,73 -526,21
450,45 -443,51
400,03 -335,91
387,27 -328,29
362,99 -334,29
-199,12 -594,14
/
-176,23 -585,9
-108,81 -554,49
-199,74 -538,35
/
-176,23 -585,9
-199,74 -538,35
-233,78 -513,45
-197,12 -596,52
/
-702,44 418,5
-777,14 354,7
-731,34 261,24
-621,75 131,89
-420,08 223,2
-440,35 272
/
-420,08 223,2
591,7 680,25
545,91 721
-440,35 272
/
877,21 811
934,39 838,12
1003,57 1032,93
978,53 1070,17
790,52 987,6
/
-437,83 -1440,77
-450,59 -1481,81
-457,35 -1530,23
-408,94 -1636,82
2124,56 -482,79
2121,56 -470,79
2041,43 -366,95
2014,15 -352,05
1979,69 -342,29
1947,41 -348,05
/
266 -1120
675,54 -934,07
450,45 -443,51
/
675,54 -934,07
950,77 -808,96
620,74 -71,68
363,75 -189,04
400,03 -335,91
/
400,03 -335,91
363,75 -189,04
311,09 -211,94
370,13 -335,53
/
-233,78 -513,45
-199,74 -538,35
-116,81 -556,11
-162,85 -426,27
-253,16 -467,55
/
-1578,73 -301,26
-1463,37 -513,45
-1335,64 -712,5
-1309,74 -741,78
-1076,03 -842,61
2242,54 658,73
2270,58 689,62
2315,24 808,6
2310,86 861,16
2132,32 1245,12
2110,42 1266,26
2006,59 1315,68
934,39 838,12
/
934,39 838,12
1183,1 945,47
1338,49 1397,38
1265,56 1482,07
1255,42 1490,83
1235,9 1490,45
1145,82 1449
1136,36 1434,04
/
2006,59 1315,68
2120,07 1700
1818,3 1552,39
1947,41 1286,38
/
1818,3 1552,39
1349,58 1676,13
1392,62 1584,67
1586,96 1477,07
1764,5 1471,69
1844 1502,97
/
1265,56 1482,07
1299 1439,42
1392,62 1584,67
1349,58 1676,13
/
2250,06 982,13
2283 995
2247 1070,83
2217 1055,83
/
505,25 -1028,53
-1696,10 -5182,74
-88,34 -5702,64
559,43 -1046,05
/
2096,84 -571,2
6614,27 731,19
5866,74 2258,27
2067,19 -510,63
/
2132,32 933,72
6668,39 2169,64
5945,46 3703,08
2105,66 990,27
/
1399 1360,37
3719,73 5449,09
2114,35 6020,07
1332 1384,2
/
-556,92 -217,06
-5112,77 -1377,95
-4415,60 -2922,33
-531,55 -273,26
/
-357,31 -1614,15
-4919,09 -2751,50
-4229,50 -4300,36
-331,83 -1671,38
/
-1696,10 -5182,74
-3897,45 -9336,95
-736,11 -10359,22
-88,34 -5702,64
/
6614,27 731,19
11131,70 2033,59
9666,29 5027,17
5866,74 2258,27
/
6668,39 2169,64
11204,45 3405,56
9785,26 6415,89
5945,46 3703,08
/
3719,73 5449,09
6040,47 9537,80
2896,71 10655,95
2114,35 6020,07
/
-5112,77 -1377,95
-9668,61 -2538,84
-8299,64 -5571,41
-4415,60 -2922,33
/
-4919,09 -2751,50
-9480,87 -3888,85
-8127,18 -6929,34
-4229,50 -4300,36
/
