342384
342387
342386
342385
342383
3433D5
341041
341042
341043
341044
341045
341046
341047
341049
34104B
34104C
34104D
34104E
34104F
341050
341051
341052
341053
341055
341081
341082
341090
341092
341094
341095
341097
3410C9
3410CA
3410CE
3410D0
3410D2
3410D3
3410D4
3410D5
3410D6
3410D7
3410D8
341103
341105
341107
341108
341109
34110A
34110B
34110F
344347
344348
344349
34434A
34434B
34434C
34434D
34434E
34434F
344350
344351
344352
344353
344354
344355
344356
344357
344358
344359
34435A
344381
344382
344383
344384
344385
344386
344387
344388
344389
34438A
34438B
34438C
34438D
34438E
34438F
344390
344391
344392
344393
344394
344395
344396
344397
344398
3443C3
3443C4
3443C5
3443C2
3443C6
345419
345416
345415
345414
345413
345412
345410
34540F
3435D0
